------------------------------------------------------------------------
Year  Month  Interest  Principal  Balance  |  INTEREST  PRINCIPAL  EXTRA
------------------------------------------------------------------------
   1      1       500        610   149190  |       500        810    200
          2       497        612   148378  |       997       1622    200
          3       495        615   147563  |      1492       2437    200
          4       492        618   146746  |      1984       3254    200
          5       489        620   145925  |      2473       4075    200
          6       486        623   145102  |      2959       4898    200
          7       484        626   144276  |      3443       5724    200
          8       481        629   143448  |      3924       6552    200
          9       478        631   142616  |      4402       7384    200
         10       475        634   141782  |      4877       8218    200
         11       473        637   140945  |      5350       9055    200
         12       470        640   140106  |      5820       9894    200
------------------------------------------------------------------------
Year  Month  Interest  Principal  Balance  |  INTEREST  PRINCIPAL  EXTRA
------------------------------------------------------------------------
   2     13       467        643   139263  |      6287      10737    200
         14       464        645   138418  |      6751      11582    200
         15       461        648   137570  |      7213      12430    200
         16       459        651   136719  |      7671      13281    200
         17       456        654   135865  |      8127      14135    200
         18       453        657   135008  |      8580      14992    200
         19       450        660   134149  |      9030      15851    200
         20       447        662   133286  |      9477      16714    200
         21       444        665   132421  |      9921      17579    200
         22       441        668   131553  |     10363      18447    200
         23       439        671   130682  |     10801      19318    200
         24       436        674   129808  |     11237      20192    200
------------------------------------------------------------------------
Year  Month  Interest  Principal  Balance  |  INTEREST  PRINCIPAL  EXTRA
------------------------------------------------------------------------
   3     25       433        677   128931  |     11669      21069    200
         26       430        680   128051  |     12099      21949    200
         27       427        683   127169  |     12526      22831    200
         28       424        686   126283  |     12950      23717    200
         29       421        689   125394  |     13371      24606    200
         30       418        692   124503  |     13789      25497    200
         31       415        695   123608  |     14204      26392    200
         32       412        698   122711  |     14616      27289    200
         33       409        700   121810  |     15025      28190    200
         34       406        703   120907  |     15431      29093    200
         35       403        707   120000  |     15834      30000    200
         36       400        710   119091  |     16234      30909    200
------------------------------------------------------------------------
Year  Month  Interest  Principal  Balance  |  INTEREST  PRINCIPAL  EXTRA
------------------------------------------------------------------------
   4     37       397        713   118178  |     16631      31822    200
         38       394        716   117263  |     17025      32737    200
         39       391        719   116344  |     17416      33656    200
         40       388        722   115422  |     17804      34578    200
         41       385        725   114497  |     18188      35503    200
         42       382        728   113570  |     18570      36430    200
         43       379        731   112639  |     18949      37361    200
         44       375        734   111705  |     19324      38295    200
         45       372        737   110767  |     19696      39233    200
         46       369        740   109827  |     20066      40173    200
         47       366        743   108884  |     20432      41116    200
         48       363        747   107937  |     20795      42063    200
------------------------------------------------------------------------
Year  Month  Interest  Principal  Balance  |  INTEREST  PRINCIPAL  EXTRA
------------------------------------------------------------------------
   5     49       360        750   106987  |     21154      43013    200
         50       357        753   106034  |     21511      43966    200
         51       353        756   105078  |     21864      44922    200
         52       350        759   104119  |     22215      45881    200
         53       347        762   103157  |     22562      46843    200
         54       344        766   102191  |     22906      47809    200
         55       341        769   101222  |     23246      48778    200
         56       337        772   100250  |     23584      49750    200
         57       334        775    99275  |     23918      50725    200
         58       331        779    98296  |     24249      51704    200
         59       328        782    97314  |     24576      52686    200
         60       324        785    96329  |     24901      53671    200
------------------------------------------------------------------------
Year  Month  Interest  Principal  Balance  |  INTEREST  PRINCIPAL  EXTRA
------------------------------------------------------------------------
   6     61       321        788    95340  |     25222      54660    200
         62       318        792    94349  |     25540      55651    200
         63       314        795    93354  |     25854      56646    200
         64       311        798    92355  |     26165      57645    200
         65       308        802    91354  |     26473      58646    200
         66       305        805    90349  |     26778      59651    200
         67       301        808    89340  |     27079      60660    200
         68       298        812    88329  |     27377      61671    200
         69       294        815    87313  |     27671      62687    200
         70       291        818    86295  |     27962      63705    200
         71       288        822    85273  |     28250      64727    200
         72       284        825    84248  |     28534      65752    200
------------------------------------------------------------------------
Year  Month  Interest  Principal  Balance  |  INTEREST  PRINCIPAL  EXTRA
------------------------------------------------------------------------
   7     73       281        829    83219  |     28815      66781    200
         74       277        832    82187  |     29092      67813    200
         75       274        836    81151  |     29366      68849    200
         76       271        839    80112  |     29637      69888    200
         77       267        842    79070  |     29904      70930    200
         78       264        846    78024  |     30167      71976    200
         79       260        849    76974  |     30427      73026    200
         80       257        853    75921  |     30684      74079    200
         81       253        856    74865  |     30937      75135    200
         82       250        860    73805  |     31187      76195    200
         83       246        864    72741  |     31433      77259    200
         84       242        867    71674  |     31675      78326    200
------------------------------------------------------------------------
Year  Month  Interest  Principal  Balance  |  INTEREST  PRINCIPAL  EXTRA
------------------------------------------------------------------------
   8     85       239        871    70604  |     31914      79396    200
         86       235        874    69530  |     32149      80470    200
         87       232        878    68452  |     32381      81548    200
         88       228        881    67370  |     32609      82630    200
         89       225        885    66286  |     32834      83714    200
         90       221        889    65197  |     33055      84803    200
         91       217        892    64105  |     33272      85895    200
         92       214        896    63009  |     33486      86991    200
         93       210        900    61909  |     33696      88091    200
         94       206        903    60806  |     33902      89194    200
         95       203        907    59699  |     34105      90301    200
         96       199        911    58589  |     34304      91411    200
------------------------------------------------------------------------
Year  Month  Interest  Principal  Balance  |  INTEREST  PRINCIPAL  EXTRA
------------------------------------------------------------------------
   9     97       195        914    57475  |     34499      92525    200
         98       192        918    56357  |     34691      93643    200
         99       188        922    55235  |     34879      94765    200
        100       184        925    54110  |     35063      95890    200
        101       180        929    52980  |     35243      97020    200
        102       177        933    51847  |     35420      98153    200
        103       173        937    50711  |     35593      99289    200
        104       169        940    49570  |     35762     100430    200
        105       165        944    48426  |     35927     101574    200
        106       161        948    47278  |     36088     102722    200
        107       158        952    46126  |     36246     103874    200
        108       154        956    44970  |     36400     105030    200
------------------------------------------------------------------------
Year  Month  Interest  Principal  Balance  |  INTEREST  PRINCIPAL  EXTRA
------------------------------------------------------------------------
  10    109       150        960    43811  |     36549     106189    200
        110       146        963    42647  |     36696     107353    200
        111       142        967    41480  |     36838     108520    200
        112       138        971    40308  |     36976     109692    200
        113       134        975    39133  |     37110     110867    200
        114       130        979    37954  |     37241     112046    200
        115       127        983    36771  |     37367     113229    200
        116       123        987    35584  |     37490     114416    200
        117       119        991    34393  |     37608     115607    200
        118       115        995    33198  |     37723     116802    200
        119       111        999    31999  |     37834     118001    200
        120       107       1003    30797  |     37940     119203    200
------------------------------------------------------------------------
Year  Month  Interest  Principal  Balance  |  INTEREST  PRINCIPAL  EXTRA
------------------------------------------------------------------------
  11    121       103       1007    29590  |     38043     120410    200
        122        99       1011    28379  |     38142     121621    200
        123        95       1015    27164  |     38236     122836    200
        124        91       1019    25945  |     38327     124055    200
        125        86       1023    24722  |     38413     125278    200
        126        82       1027    23495  |     38496     126505    200
        127        78       1031    22263  |     38574     127737    200
        128        74       1035    21028  |     38648     128972    200
        129        70       1039    19789  |     38718     130211    200
        130        66       1044    18545  |     38784     131455    200
        131        62       1048    17297  |     38846     132703    200
        132        58       1052    16046  |     38904     133954    200
------------------------------------------------------------------------
Year  Month  Interest  Principal  Balance  |  INTEREST  PRINCIPAL  EXTRA
------------------------------------------------------------------------
  12    133        53       1056    14790  |     38957     135210    200
        134        49       1060    13529  |     39007     136471    200
        135        45       1064    12265  |     39052     137735    200
        136        41       1069    10996  |     39093     139004    200
        137        37       1073     9723  |     39129     140277    200
        138        32       1077     8446  |     39162     141554    200
        139        28       1081     7165  |     39190     142835    200
        140        24       1086     5879  |     39214     144121    200
        141        20       1090     4589  |     39233     145411    200
        142        15       1094     3295  |     39249     146705    200
        143        11       1099     1996  |     39260     148004    200
        144         7       1103      694  |     39266     149306    200
------------------------------------------------------------------------
Year  Month  Interest  Principal  Balance  |  INTEREST  PRINCIPAL  EXTRA
------------------------------------------------------------------------
  13    145         2       1107     -614  |     39269     150614    200

The payments are finished 35 months (2.9 years) earlier!
The interest saving is 10447