------------------------------------------------------------------------
Year  Month  Interest  Principal  Balance  |  INTEREST  PRINCIPAL  EXTRA
------------------------------------------------------------------------
   1      1       500        610   149390  |       500        610
          2       498        612   148779  |       998       1221
          3       496        614   148165  |      1494       1835
          4       494        616   147550  |      1988       2450
          5       492        618   146932  |      2480       3068
          6       490        620   146312  |      2969       3688
          7       488        622   145690  |      3457       4310
          8       486        624   145066  |      3943       4934
          9       484        626   144440  |      4426       5560
         10       481        628   143812  |      4908       6188
         11       479        630   143182  |      5387       6818
         12       477        632   139550  |      5864      10450   3000
------------------------------------------------------------------------
Year  Month  Interest  Principal  Balance  |  INTEREST  PRINCIPAL  EXTRA
------------------------------------------------------------------------
   2     13       465        644   138906  |      6330      11094
         14       463        647   138259  |      6793      11741
         15       461        649   137610  |      7253      12390
         16       459        651   136960  |      7712      13040
         17       457        653   136307  |      8169      13693
         18       454        655   135651  |      8623      14349
         19       452        657   134994  |      9075      15006
         20       450        660   134335  |      9525      15665
         21       448        662   133673  |      9973      16327
         22       446        664   133009  |     10419      16991
         23       443        666   132343  |     10862      17657
         24       441        668   128674  |     11303      21326   3000
------------------------------------------------------------------------
Year  Month  Interest  Principal  Balance  |  INTEREST  PRINCIPAL  EXTRA
------------------------------------------------------------------------
   3     25       429        681   127994  |     11732      22006
         26       427        683   127311  |     12159      22689
         27       424        685   126626  |     12583      23374
         28       422        687   125938  |     13005      24062
         29       420        690   125248  |     13425      24752
         30       417        692   124556  |     13842      25444
         31       415        694   123862  |     14258      26138
         32       413        697   123165  |     14670      26835
         33       411        699   122466  |     15081      27534
         34       408        701   121765  |     15489      28235
         35       406        704   121061  |     15895      28939
         36       404        706   117355  |     16299      32645   3000
------------------------------------------------------------------------
Year  Month  Interest  Principal  Balance  |  INTEREST  PRINCIPAL  EXTRA
------------------------------------------------------------------------
   4     37       391        718   116637  |     16690      33363
         38       389        721   115916  |     17079      34084
         39       386        723   115193  |     17465      34807
         40       384        726   114468  |     17849      35532
         41       382        728   113740  |     18231      36260
         42       379        730   113009  |     18610      36991
         43       377        733   112276  |     18986      37724
         44       374        735   111541  |     19361      38459
         45       372        738   110803  |     19732      39197
         46       369        740   110063  |     20102      39937
         47       367        743   109321  |     20469      40679
         48       364        745   105575  |     20833      44425   3000
------------------------------------------------------------------------
Year  Month  Interest  Principal  Balance  |  INTEREST  PRINCIPAL  EXTRA
------------------------------------------------------------------------
   5     49       352        758   104818  |     21185      45182
         50       349        760   104058  |     21534      45942
         51       347        763   103295  |     21881      46705
         52       344        765   102530  |     22226      47470
         53       342        768   101762  |     22567      48238
         54       339        770   100992  |     22906      49008
         55       337        773   100219  |     23243      49781
         56       334        775    99443  |     23577      50557
         57       331        778    98665  |     23909      51335
         58       329        781    97885  |     24238      52115
         59       326        783    97101  |     24564      52899
         60       324        786    93316  |     24888      56684   3000
------------------------------------------------------------------------
Year  Month  Interest  Principal  Balance  |  INTEREST  PRINCIPAL  EXTRA
------------------------------------------------------------------------
   6     61       311        798    92517  |     25199      57483
         62       308        801    91716  |     25507      58284
         63       306        804    90912  |     25813      59088
         64       303        806    90106  |     26116      59894
         65       300        809    89296  |     26416      60704
         66       298        812    88485  |     26714      61515
         67       295        815    87670  |     27009      62330
         68       292        817    86853  |     27301      63147
         69       290        820    86033  |     27590      63967
         70       287        823    85210  |     27877      64790
         71       284        825    84384  |     28161      65616
         72       281        828    80556  |     28442      69444   3000
------------------------------------------------------------------------
Year  Month  Interest  Principal  Balance  |  INTEREST  PRINCIPAL  EXTRA
------------------------------------------------------------------------
   7     73       269        841    79715  |     28711      70285
         74       266        844    78871  |     28977      71129
         75       263        847    78025  |     29240      71975
         76       260        849    77175  |     29500      72825
         77       257        852    76323  |     29757      73677
         78       254        855    75468  |     30011      74532
         79       252        858    74610  |     30263      75390
         80       249        861    73749  |     30512      76251
         81       246        864    72885  |     30757      77115
         82       243        867    72019  |     31000      77981
         83       240        869    71149  |     31240      78851
         84       237        872    67277  |     31478      82723   3000
------------------------------------------------------------------------
Year  Month  Interest  Principal  Balance  |  INTEREST  PRINCIPAL  EXTRA
------------------------------------------------------------------------
   8     85       224        885    66392  |     31702      83608
         86       221        888    65503  |     31923      84497
         87       218        891    64612  |     32142      85388
         88       215        894    63718  |     32357      86282
         89       212        897    62821  |     32569      87179
         90       209        900    61921  |     32779      88079
         91       206        903    61018  |     32985      88982
         92       203        906    60112  |     33189      89888
         93       200        909    59202  |     33389      90798
         94       197        912    58290  |     33586      91710
         95       194        915    57375  |     33781      92625
         96       191        918    53457  |     33972      96543   3000
------------------------------------------------------------------------
Year  Month  Interest  Principal  Balance  |  INTEREST  PRINCIPAL  EXTRA
------------------------------------------------------------------------
   9     97       178        931    52525  |     34150      97475
         98       175        934    51591  |     34325      98409
         99       172        938    50653  |     34497      99347
        100       169        941    49713  |     34666     100287
        101       166        944    48769  |     34832     101231
        102       163        947    47822  |     34994     102178
        103       159        950    46872  |     35154     103128
        104       156        953    45918  |     35310     104082
        105       153        956    44962  |     35463     105038
        106       150        960    44002  |     35613     105998
        107       147        963    43039  |     35759     106961
        108       143        966    39073  |     35903     110927   3000
------------------------------------------------------------------------
Year  Month  Interest  Principal  Balance  |  INTEREST  PRINCIPAL  EXTRA
------------------------------------------------------------------------
  10    109       130        979    38094  |     36033     111906
        110       127        983    37112  |     36160     112888
        111       124        986    36126  |     36284     113874
        112       120        989    35137  |     36404     114863
        113       117        992    34144  |     36521     115856
        114       114        996    33149  |     36635     116851
        115       110        999    32149  |     36746     117851
        116       107       1002    31147  |     36853     118853
        117       104       1006    30141  |     36957     119859
        118       100       1009    29132  |     37057     120868
        119        97       1012    28120  |     37154     121880
        120        94       1016    24104  |     37248     125896   3000
------------------------------------------------------------------------
Year  Month  Interest  Principal  Balance  |  INTEREST  PRINCIPAL  EXTRA
------------------------------------------------------------------------
  11    121        80       1029    23075  |     37328     126925
        122        77       1033    22042  |     37405     127958
        123        73       1036    21006  |     37479     128994
        124        70       1040    19967  |     37549     130033
        125        67       1043    18924  |     37615     131076
        126        63       1046    17877  |     37678     132123
        127        60       1050    16827  |     37738     133173
        128        56       1053    15774  |     37794     134226
        129        53       1057    14717  |     37847     135283
        130        49       1060    13657  |     37896     136343
        131        46       1064    12593  |     37941     137407
        132        42       1068     8525  |     37983     141475   3000
------------------------------------------------------------------------
Year  Month  Interest  Principal  Balance  |  INTEREST  PRINCIPAL  EXTRA
------------------------------------------------------------------------
  12    133        28       1081     7444  |     38012     142556
        134        25       1085     6359  |     38036     143641
        135        21       1088     5271  |     38058     144729
        136        18       1092     4179  |     38075     145821
        137        14       1096     3083  |     38089     146917
        138        10       1099     1984  |     38099     148016
        139         7       1103      881  |     38106     149119
        140         3       1107     -226  |     38109     150226

The payments are finished 40 months (3.3 years) earlier!
The interest saving is 11607